22
12 13 1 2 3 4 5 6 10 11 9 7 8 22 21 19 20 16 14 15 17 18 23
12 0 8.464832462 42.8788053161 42.8788053161 42.878805316 42.8788053166 42.8788053166 42.878805316 42.878805316 42.878805316 42.878805317 42.8788053165 42.8788053165 52.035765187 52.0357651867 52.0357651877 52.0357651877 52.035765187 52.0357651872 52.0357651872 52.0357651874 52.0357651874 26.017882597
13 8.464832462 0 42.8788053161 42.8788053161 42.878805316 42.8788053166 42.8788053166 42.878805316 42.878805316 42.878805316 42.878805317 42.8788053165 42.8788053165 52.035765187 52.0357651867 52.0357651877 52.0357651877 52.035765187 52.0357651872 52.0357651872 52.0357651874 52.0357651874 26.017882597
1 42.8788053161 42.8788053161 0 1.230886048 1.8816082389 7.2626012895 7.2626012895 9.1299349841 13.6522221101 13.6522221101 13.6522221111 13.6522221106 13.6522221106 52.0357651811 52.0357651808 52.0357651818 52.0357651818 52.0357651811 52.0357651813 52.0357651813 52.0357651815 52.0357651815 26.0178825911
2 42.8788053161 42.8788053161 1.230886048 0 1.8816082389 7.2626012895 7.2626012895 9.1299349841 13.6522221101 13.6522221101 13.6522221111 13.6522221106 13.6522221106 52.0357651811 52.0357651808 52.0357651818 52.0357651818 52.0357651811 52.0357651813 52.0357651813 52.0357651815 52.0357651815 26.0178825911
3 42.878805316 42.878805316 1.8816082389 1.8816082389 0 7.2626012894 7.2626012894 9.129934984 13.65222211 13.65222211 13.652222111 13.6522221105 13.6522221105 52.035765181 52.0357651807 52.0357651817 52.0357651817 52.035765181 52.0357651812 52.0357651812 52.0357651814 52.0357651814 26.017882591
4 42.8788053166 42.8788053166 7.2626012895 7.2626012895 7.2626012894 0 4.208981404 9.1299349846 13.6522221106 13.6522221106 13.6522221116 13.6522221111 13.6522221111 52.0357651816 52.0357651813 52.0357651823 52.0357651823 52.0357651816 52.0357651818 52.0357651818 52.035765182 52.035765182 26.0178825916
5 42.8788053166 42.8788053166 7.2626012895 7.2626012895 7.2626012894 4.208981404 0 9.1299349846 13.6522221106 13.6522221106 13.6522221116 13.6522221111 13.6522221111 52.0357651816 52.0357651813 52.0357651823 52.0357651823 52.0357651816 52.0357651818 52.0357651818 52.035765182 52.035765182 26.0178825916
6 42.878805316 42.878805316 9.1299349841 9.1299349841 9.129934984 9.1299349846 9.1299349846 0 13.65222211 13.65222211 13.652222111 13.6522221105 13.6522221105 52.035765181 52.0357651807 52.0357651817 52.0357651817 52.035765181 52.0357651812 52.0357651812 52.0357651814 52.0357651814 26.017882591
10 42.878805316 42.878805316 13.6522221101 13.6522221101 13.65222211 13.6522221106 13.6522221106 13.65222211 0 2.40692747 7.508734347 7.5087343465 7.5087343465 52.035765181 52.0357651807 52.0357651817 52.0357651817 52.035765181 52.0357651812 52.0357651812 52.0357651814 52.0357651814 26.017882591
11 42.878805316 42.878805316 13.6522221101 13.6522221101 13.65222211 13.6522221106 13.6522221106 13.65222211 2.40692747 0 7.508734347 7.5087343465 7.5087343465 52.035765181 52.0357651807 52.0357651817 52.0357651817 52.035765181 52.0357651812 52.0357651812 52.0357651814 52.0357651814 26.017882591
9 42.878805317 42.878805317 13.6522221111 13.6522221111 13.652222111 13.6522221116 13.6522221116 13.652222111 7.508734347 7.508734347 0 2.9196769055 2.9196769055 52.035765182 52.0357651817 52.0357651827 52.0357651827 52.035765182 52.0357651822 52.0357651822 52.0357651824 52.0357651824 26.017882592
7 42.8788053165 42.8788053165 13.6522221106 13.6522221106 13.6522221105 13.6522221111 13.6522221111 13.6522221105 7.5087343465 7.5087343465 2.9196769055 0 1.6384559282 52.0357651815 52.0357651812 52.0357651822 52.0357651822 52.0357651815 52.0357651817 52.0357651817 52.0357651819 52.0357651819 26.0178825915
8 42.8788053165 42.8788053165 13.6522221106 13.6522221106 13.6522221105 13.6522221111 13.6522221111 13.6522221105 7.5087343465 7.5087343465 2.9196769055 1.6384559282 0 52.0357651815 52.0357651812 52.0357651822 52.0357651822 52.0357651815 52.0357651817 52.0357651817 52.0357651819 52.0357651819 26.0178825915
22 52.035765187 52.035765187 52.0357651811 52.0357651811 52.035765181 52.0357651816 52.0357651816 52.035765181 52.035765181 52.035765181 52.035765182 52.0357651815 52.0357651815 0 15.7242414817 15.7242414827 15.7242414827 30.52565266 30.5256526602 30.5256526602 30.5256526604 30.5256526604 26.01788259
21 52.0357651867 52.0357651867 52.0357651808 52.0357651808 52.0357651807 52.0357651813 52.0357651813 52.0357651807 52.0357651807 52.0357651807 52.0357651817 52.0357651812 52.0357651812 15.7242414817 0 14.336619017 14.336619017 30.5256526597 30.5256526599 30.5256526599 30.5256526601 30.5256526601 26.0178825897
19 52.0357651877 52.0357651877 52.0357651818 52.0357651818 52.0357651817 52.0357651823 52.0357651823 52.0357651817 52.0357651817 52.0357651817 52.0357651827 52.0357651822 52.0357651822 15.7242414827 14.336619017 0 6.646549852 30.5256526607 30.5256526609 30.5256526609 30.5256526611 30.5256526611 26.0178825907
20 52.0357651877 52.0357651877 52.0357651818 52.0357651818 52.0357651817 52.0357651823 52.0357651823 52.0357651817 52.0357651817 52.0357651817 52.0357651827 52.0357651822 52.0357651822 15.7242414827 14.336619017 6.646549852 0 30.5256526607 30.5256526609 30.5256526609 30.5256526611 30.5256526611 26.0178825907
16 52.035765187 52.035765187 52.0357651811 52.0357651811 52.035765181 52.0357651816 52.0357651816 52.035765181 52.035765181 52.035765181 52.035765182 52.0357651815 52.0357651815 30.52565266 30.5256526597 30.5256526607 30.5256526607 0 3.8794253542 3.8794253542 13.5425851064 13.5425851064 26.01788259
14 52.0357651872 52.0357651872 52.0357651813 52.0357651813 52.0357651812 52.0357651818 52.0357651818 52.0357651812 52.0357651812 52.0357651812 52.0357651822 52.0357651817 52.0357651817 30.5256526602 30.5256526599 30.5256526609 30.5256526609 3.8794253542 0 3.055526906 13.5425851066 13.5425851066 26.0178825902
15 52.0357651872 52.0357651872 52.0357651813 52.0357651813 52.0357651812 52.0357651818 52.0357651818 52.0357651812 52.0357651812 52.0357651812 52.0357651822 52.0357651817 52.0357651817 30.5256526602 30.5256526599 30.5256526609 30.5256526609 3.8794253542 3.055526906 0 13.5425851066 13.5425851066 26.0178825902
17 52.0357651874 52.0357651874 52.0357651815 52.0357651815 52.0357651814 52.035765182 52.035765182 52.0357651814 52.0357651814 52.0357651814 52.0357651824 52.0357651819 52.0357651819 30.5256526604 30.5256526601 30.5256526611 30.5256526611 13.5425851064 13.5425851066 13.5425851066 0 1.4218847248 26.0178825904
18 52.0357651874 52.0357651874 52.0357651815 52.0357651815 52.0357651814 52.035765182 52.035765182 52.0357651814 52.0357651814 52.0357651814 52.0357651824 52.0357651819 52.0357651819 30.5256526604 30.5256526601 30.5256526611 30.5256526611 13.5425851064 13.5425851066 13.5425851066 1.4218847248 0 26.0178825904
23 26.017882597 26.017882597 26.0178825911 26.0178825911 26.017882591 26.0178825916 26.0178825916 26.017882591 26.017882591 26.017882591 26.017882592 26.0178825915 26.0178825915 26.01788259 26.0178825897 26.0178825907 26.0178825907 26.01788259 26.0178825902 26.0178825902 26.0178825904 26.0178825904 0
