10
           5         10          7         4         8         9         2         3         6         1       11
5   0.000000  1.8075921  1.8075921  1.807592 11.514319 11.514319 11.514319 11.514319 11.514319 11.514319 5.757160
10  1.807592  0.0000000  0.8318372  1.400565 11.514319 11.514319 11.514319 11.514319 11.514319 11.514319 5.757160
7   1.807592  0.8318372  0.0000000  1.400565 11.514319 11.514319 11.514319 11.514319 11.514319 11.514319 5.757160
4   1.807592  1.4005650  1.4005650  0.000000 11.514319 11.514319 11.514319 11.514319 11.514319 11.514319 5.757160
8  11.514319 11.5143194 11.5143194 11.514319  0.000000  6.696711  6.696711  6.947749  6.947749  6.947749 5.757160
9  11.514319 11.5143194 11.5143194 11.514319  6.696711  0.000000  6.499257  6.947749  6.947749  6.947749 5.757160
2  11.514319 11.5143194 11.5143194 11.514319  6.696711  6.499257  0.000000  6.947749  6.947749  6.947749 5.757160
3  11.514319 11.5143194 11.5143194 11.514319  6.947749  6.947749  6.947749  0.000000  6.549873  6.549873 5.757160
6  11.514319 11.5143194 11.5143194 11.514319  6.947749  6.947749  6.947749  6.549873  0.000000  2.313453 5.757160
1  11.514319 11.5143194 11.5143194 11.514319  6.947749  6.947749  6.947749  6.549873  2.313453  0.000000 5.757160
11  5.757160  5.7571597  5.7571597  5.757160  5.757160  5.757160  5.757160  5.757160  5.757160  5.757160 0.000000